3,2
3,1
3,3
10,82
10,212
10,294
10,88
10,14
10,92
10,142
10,208
10,2
10,3
11,2
9,4
9,6
9,2
8,6
8,12
8,17
8,11
8,16
8,2
8,3
44,5
44,4
44,3
44,2
44,1
44,0
43,4
43,3
43,2
43,1
43,0
42,5
42,4
42,3
42,2
42,1
42,0
41,3
41,2
41,1
41,0
39,4
39,3
39,2
39,1
39,0
38,4
38,3
38,2
38,1
38,0
35,3
35,2
35,1
35,0
20,3
20,2
20,1
19,3
19,2
19,1
18,3
18,1
14,3
14,1
13,3
13,1
12,3
12,2
12,1
11,28
11,27
11,26
11,25
11,24
11,23
11,22
11,21
11,20
11,19
11,18
11,17
11,16
11,15
11,14
11,13
11,12
11,11
11,10
11,9
11,8
11,7
11,6
11,5
11,1
